00000000
6a29baa3
00000000
00000000
00000000
00000000
00000000
00000000
00000000
000027fc
00000000
00000000
00000000
00000000
00000000
00000000
00000000
000000ce
00000000
00000000
00000000
00000000
00000000
00000000
00000000
00000000
00000000
00000000
00000000
00000000
00000000
00000000
00000000
0000f99f
14e7bb28
00000000
00000000
00000000
00000000
00000000
00000000
00000000
00000000
7aa95cfa
00000000
00000000
00000000
00000000
00000000
00000000
00000000
000079f3
6217c3b9
00000000
000000d6
0000e3d5
000050e2
00000000
00000000
00000061
00000000
00000000
00000000
00000000
00000000
0000ffa9
00000000
00000000
00000000
00000000
000000a1
00000000
00000000
00000000
00000000
00000000
00000000
01c697f9
00000000
00000000
00000000
00000000
00000000
00000000
00000000
00009c23
00000000
00000000
00000000
00000000
00000000
00000000
00000000
00006cc1
00000000
00000000
00000000
00000000
00000000
00000000
00000000
00000000
00000000
00000000
00000000
00000000
00000000
00000000
00000000
00000000
12b19d70
00000066
00000000
00000000
00000000
00004e41
00000000
00000000
0000199b
00005ecd
00000000
3734cead
07aab3cb
0000003b
00000000
00000000
00000000
00000000
00007e7f
00000000
7b8d1d24
00000000
00000092
00000000
00000000
00000042
00000000
00000000
00000000
00000000
00000000
6b4d2032
00000000
00000000
00002466
00000000
00000000
00000033
00000000
00001d16
00000000
00000000
00000000
00000000
00000000
00000000
00000000
00005bdb
00000000
00000000
00000000
00000000
00000000
00000000
00000000
00000000
0000006a
75314a21
00000000
00000000
00000000
00000000
00000000
00000000
00000000
00000000
00000000
00000000
00000000
00000000
00000000
00000000
00000000
00000000
00000000
00000000
00000000
00000000
00000000
00000000
00000000
00000000
00000000
00000000
00000087
00000000
00000000
00000000
00000000
0000000e
0000d878
00000000
00000000
00000000
00000000
00000000
0000009d
00000064
00000000
00000000
00000000
00000000
0000000f
00000000
00000000
00000000
00000000
491e938f
00000008
00000000
00000000
00000000
00000000
00000000
058e973d
00000000
00000000
00000000
00000000
00005336
00000000
00000000
00000000
5bf6b416
00000000
00000000
00000000
00000056
0000da81
358e763e
00000000
00000000
00000000
00000000
6df4fd0c
00000000
00000000
00000000
00000000
00000000
00000000
1221d175
00000000
00000000
00000000
00000000
3a1932bc
00000000
00000000
00000000
3d9f4046
00000000
00000000
00000000
7f7eea7f
00000000
00000000
00000000
16b80db6
00000000
00000000
00000000
55c6121c
00000000
00000000
00000000
0ec2637c
000000aa
00000000
00000000
0f8009f0
00006960
00000040
00000000
67889a69
00000000
00000000
00000000
5dcdad44
00000000
00000000
00000000
54ba12f5
00000005
04615ff6
00000038
08d44718
00000000
00000000
00000000
00000000
00000000
0000aa63
0000af1e
000000f5
00000000
00000000
00000000
00000000
00000000
00000000
00000000
00000000
00000000
00000000
3f397ddf
00000000
0000fc2f
00000000
00000000
00000000
00000000
00000000
00000000
00000000
00000000
00000000
00000000
00000000
00000000
00000000
00000000
00000000
00000000
00000000
00000000
00000000
00000000
000000cc
00000000
00000000
00000000
00000000
00000000
00000000
00000000
00000000
00000000
20092c02
00000000
00000000
00000000
00000000
00000000
00000000
00000000
00000000
00000000
00000000
00000000
00000000
00000000
00000000
00000000
00000000
00000000
00000000
00000000
00000000
00000000
00000000
00000000
00000000
00000000
0000167a
00000000
1becba83
00000000
00000000
12664e0a
7abe8aa3
00000000
000000cb
00000000
000000ab
44c3ce7d
4aaf675d
00000000
00000005
00000000
00000000
00000000
00000000
00000000
00000000
00000087
00000000
00000000
00000000
00000000
00000000
000000a9
000068b6
00000000
00000000
0000d428
00000000
00000000
00000000
00000000
00000000
00000000
398a1450
00000000
00000000
0000001f
0000c739
00000000
00000000
00000000
00000000
00000000
00000000
00000000
00000000
00000000
0b518c65
00000000
00000000
00000000
00000000
00000000
00000000
00000000
5de26e19
62dc573d
00000000
4a05c557
00000000
00000000
00000000
00000000
00000000
00000000
00000000
00000000
00000005
00000000
00000081
00000000
00000000
00000000
00000000
00000000
00000000
6929668b
00000000
00005fac
00000000
00000000
00000000
00000000
000000ee
00000000
00000000
00000000
00000000
00000000
00000000
00000000
00000000
00000000
00001bc0
00000000
00000000
00000000
00000000
0000764a
00000000
00000000
00000000
00000000
0000a198
00000000
00000000
00000000
00000000
000025ac
00000000
00008aed
00000000
00000000
00000000
00000000
00000000
00000034
00000000
00000000
00000000
00000000
0000d6a9
00000000
6cc1dc50
00000000
0000004c
00000000
126d7360
00000000
00000000
00000000
00000000
00000000
00000000
00000000
00000000
00000000
00000000
00000000
00000000
00000000
00000000
00000000
000000f8
00000000
00000000
00000000
00000000
00000000
00000000
00000000
00000000
0000063c
00000000
00000000
00000000
00000000
00000000
00000000
00000000
00000000
00000000
00000000
00000000
00000000
00000000
00000000
00000000
00000000
00000000
00000000
00000000
00000000
47fa99e1
00000000
00000000
00000000
00000000
2e3dfc64
25292245
00000000
00000000
00000000
00000000
00000000
00000000
00000000
00000000
00000000
00000000
00000000
00000000
00000000
5514af06
00000000
00000000
00000000
00000000
00000000
00000000
00000000
00000000
00000000
00000000
00000000
00000000
00000000
00000000
00000000
00000000
00007b1d
00000000
0000c0af
00000000
00001ce8
23b20524
00000000
00000000
00000000
00000000
00000000
00000000
00000000
00000000
5746a32f
00000000
00009a1f
00000000
00000000
00000000
131455f6
00000093
00000000
000038d9
00000000
0000224c
00000000
00000000
00000000
00000000
00000058
00000000
00000000
00000000
00000000
00000000
00000000
00000000
2189b615
1afbafdf
33f1dd48
00000000
00000000
00000000
00000000
00000000
00000000
00000000
00000000
0b31fb08
4dd4aca0
00000000
00000000
00000000
00000000
00000000
00000000
00000000
00000000
000000f1
00000000
00000000
00000000
00000000
00000000
72a44bf2
00000000
00000000
00000000
00000051
00000000
00000000
00000000
00000000
00000000
0f8d9371
00000000
00000010
00000000
00000000
00000000
00000000
00000000
000000e4
00000000
0000f39b
00000000
00000000
00000000
00000000
00000000
00000000
00000000
000000b2
00000000
00000000
32d9f4b2
00000000
00000000
00000000
00000000
2e10f394
00000000
000000c4
0c530a70
00000000
00000000
00000000
0000a0e1
00000000
00000000
00000000
00000000
00000000
00000000
0000001e
00000000
00000000
77c420bc
00000000
00000000
00000000
00000000
4974efbd
00000000
00000000
00000b9b
00000000
00000000
00000000
00000000
00000000
00000000
00000000
0000b84f
00000000
00000000
51c7ef3a
00000040
00000000
00000000
00000000
00000000
00000000
00000000
00000000
0000009d
00000000
00000000
00000000
00000000
613278a0
00000000
00000000
00000000
00000000
00000000
00000000
26ca7ea4
00000000
00000000
00000000
00000000
0000fcf3
00000000
00000000
0000007e
00000000
00000000
00000000
00000000
00000000
00000000
00000000
00000000
00000000
00000da9
00000000
00000000
00000000
00000000
00000000
00000000
00000000
2e5badea
00000000
00000000
00000000
00004f48
00003d69
0000002b
00000000
00000000
00000000
00000000
00000000
78406fbd
00000000
00000000
00000000
00000000
00000000
00000000
00000000
00000000
00000000
0000003e
00000000
00004cc7
00000000
00000000
00000000
00000000
00000000
0000005e
00000000
0000003e
00000000
00000000
00000000
00000000
0000801a
00008838
00000000
00000000
69dc491f
1f677703
00000000
00000000
00000000
00000000
00000000
00000000
00000000
00000000
0000acee
00000019
00000000
000044b6
00002f54
00000000
00000000
00000000
00000000
00000000
00000000
00000000
00000000
00000000
00000000
00000000
00000000
4b8cc477
00000000
00000000
00000000
00000000
00000024
00000000
0000008c
00000000
00000077
00000039
00000000
00000000
00000000
00000000
00000000
00000000
00000000
000000de
00000000
00000000
00000000
00000000
00000000
00000000
00000000
00000000
00000000
00000000
315f3cc4
00000000
00000000
00000000
00000000
00000000
00000000
0000ca86
00000000
00000000
000000aa
00000000
00000000
00000000
00000000
00000000
28142ce4
56b478fb
00002ea2
0000fb37
00000000
00000000
00000000
00000000
00000000
00000000
00000000
00000000
00000000
00000000
000000c8
00000000
00000000
00000000
00000000
00000000
00000000
00000000
00000000
75ead856
00000000
29aa967d
000000f5
0000b14c
00000000
00000000
00000000
00000000
00000000
0e434883
00000000
00000003
00000000
00000000
00000000
0000cc43
00000000
00000000
00000000
00000000
00000000
00000000
00000000
24cd05e5
00000000
00000000
00000000
00000000
00000000
00000000
58fb3073
00000000
00003282
00000000
00000000
00000000
00000000
0000457a
00000000
00000000
00000000
00000000
00000000
00000000
00000039
00000000
000013d0
00000000
00000000
00000000
00000000
00000000
00000075
00000000
00000000
00000000
00000000
00000000
00000000
00000000
00000000
00000000
33eda8ba
00000000
00000000
00000000
00000002
00000000
00000000
00000000
00000000
00000000
00000000
00000000
00000000
00000000
00006041
00000000
00000082
00000000
00000000
00000000
00000000
00000000
000013a3
00006d01
00000000
00000000
19110eaa
00000000
00000000
00000000
00000000
00000000
00000000
00000000
00000000
00000000
00000000
00000000
000020fb
00000000
00000000
00000000
00000000
0000006d
3d883e15
00000000
00000000
00000000
00000000
00000000
4992d038
00000000
